%% System Parameters
%% A123:AMP20M1HD
%% Main %%
% Vector of state-of-charge values, SOC, (Datasheet Derived) | (101x1)
SOC_vecDatasheet = [0;0.01;0.02;0.03;0.04;0.05;0.06;0.07;0.08;0.09;0.1;0.11;0.12;0.13;0.14;0.15;0.16;0.17;0.18;0.19;0.2;0.21;0.22;0.23;0.24;0.25;0.26;0.27;0.28;0.29;0.3;0.31;0.32;0.33;0.34;0.35;0.36;0.37;0.38;0.39;0.4;0.41;0.42;0.43;0.44;0.45;0.46;0.47;0.48;0.49;0.5;0.51;0.52;0.53;0.54;0.55;0.56;0.57;0.58;0.59;0.6;0.61;0.62;0.63;0.64;0.65;0.66;0.67;0.68;0.69;0.7;0.71;0.72;0.73;0.74;0.75;0.76;0.77;0.78;0.79;0.8;0.81;0.82;0.83;0.84;0.85;0.86;0.87;0.88;0.89;0.9;0.91;0.92;0.93;0.94;0.95;0.96;0.97;0.98;0.99;1];

% Vector of state-of-charge values, SOC, (Simplified) | (1x7)
SOC_vec = [0, 0.1667, 0.3333, 0.5000, 0.6667, 0.8333, 1];

% Vector of temperatures, T, (C°), (Datasheet Derived) | (5x1)
T_vecDatasheet = [-10; 0; 10; 25; 35];

% Vector of temperatures, T, (K), (Simplified) | (1x3)
T_vec = [263.15, 283.15, 308.15]; % [-10, 10, 35] (°C)

% Open-circuit voltage, V0(SOC,T), (V), (Datasheet Derived) | (501x1)
V0_matDatasheet = [2.93217;2.94263;2.95309;2.96355;2.97401;2.98447;2.99493;3.02455;3.05382;3.07377;3.08453;3.09529;3.09916;3.10271;3.10625;3.1098;3.11335;3.11689;3.12044;3.13089;3.13795;3.14459;3.14961;3.15451;3.15932;3.16324;3.16716;3.17063;3.17297;3.17544;3.17798;3.18052;3.18295;3.18533;3.18771;3.19009;3.19215;3.19403;3.1959;3.19777;3.1998;3.20198;3.20371;3.20501;3.20619;3.20738;3.20856;3.20974;3.21092;3.2121;3.21329;3.21447;3.21565;3.21672;3.21787;3.21904;3.22021;3.22139;3.22256;3.22374;3.22492;3.2261;3.22728;3.22847;3.22965;3.23083;3.23201;3.23319;3.23437;3.23552;3.23652;3.23778;3.23909;3.24045;3.24217;3.2439;3.24563;3.24736;3.24909;3.25082;3.25255;3.25428;3.256;3.25774;3.25951;3.26116;3.26238;3.26307;3.26352;3.26396;3.26441;3.26485;3.2653;3.26593;3.26612;3.26743;3.26879;3.27596;3.2842;3.30299;3.33677;2.93217;2.94263;2.95309;2.96355;2.97401;2.98447;2.99493;3.02455;3.05382;3.07377;3.08453;3.09529;3.09916;3.10271;3.10625;3.1098;3.11335;3.11689;3.12044;3.13089;3.13795;3.14459;3.14961;3.15451;3.15932;3.16324;3.16716;3.17063;3.17297;3.17544;3.17798;3.18052;3.18295;3.18533;3.18771;3.19009;3.19215;3.19403;3.1959;3.19777;3.1998;3.20198;3.20371;3.20501;3.20619;3.20738;3.20856;3.20974;3.21092;3.2121;3.21329;3.21447;3.21565;3.21672;3.21787;3.21904;3.22021;3.22139;3.22256;3.22374;3.22492;3.2261;3.22728;3.22847;3.22965;3.23083;3.23201;3.23319;3.23437;3.23552;3.23652;3.23778;3.23909;3.24045;3.24217;3.2439;3.24563;3.24736;3.24909;3.25082;3.25255;3.25428;3.256;3.25774;3.25951;3.26116;3.26238;3.26307;3.26352;3.26396;3.26441;3.26485;3.2653;3.26593;3.26612;3.26743;3.26879;3.27596;3.2842;3.30299;3.33677;2.93217;2.94263;2.95309;2.96355;2.97401;2.98447;2.99493;3.02455;3.05382;3.07377;3.08453;3.09529;3.09916;3.10271;3.10625;3.1098;3.11335;3.11689;3.12044;3.13089;3.13795;3.14459;3.14961;3.15451;3.15932;3.16324;3.16716;3.17063;3.17297;3.17544;3.17798;3.18052;3.18295;3.18533;3.18771;3.19009;3.19215;3.19403;3.1959;3.19777;3.1998;3.20198;3.20371;3.20501;3.20619;3.20738;3.20856;3.20974;3.21092;3.2121;3.21329;3.21447;3.21565;3.21672;3.21787;3.21904;3.22021;3.22139;3.22256;3.22374;3.22492;3.2261;3.22728;3.22847;3.22965;3.23083;3.23201;3.23319;3.23437;3.23552;3.23652;3.23778;3.23909;3.24045;3.24217;3.2439;3.24563;3.24736;3.24909;3.25082;3.25255;3.25428;3.256;3.25774;3.25951;3.26116;3.26238;3.26307;3.26352;3.26396;3.26441;3.26485;3.2653;3.26593;3.26612;3.26743;3.26879;3.27596;3.2842;3.30299;3.33677;2.93217;2.94263;2.95309;2.96355;2.97401;2.98447;2.99493;3.02455;3.05382;3.07377;3.08453;3.09529;3.09916;3.10271;3.10625;3.1098;3.11335;3.11689;3.12044;3.13089;3.13795;3.14459;3.14961;3.15451;3.15932;3.16324;3.16716;3.17063;3.17297;3.17544;3.17798;3.18052;3.18295;3.18533;3.18771;3.19009;3.19215;3.19403;3.1959;3.19777;3.1998;3.20198;3.20371;3.20501;3.20619;3.20738;3.20856;3.20974;3.21092;3.2121;3.21329;3.21447;3.21565;3.21672;3.21787;3.21904;3.22021;3.22139;3.22256;3.22374;3.22492;3.2261;3.22728;3.22847;3.22965;3.23083;3.23201;3.23319;3.23437;3.23552;3.23652;3.23778;3.23909;3.24045;3.24217;3.2439;3.24563;3.24736;3.24909;3.25082;3.25255;3.25428;3.256;3.25774;3.25951;3.26116;3.26238;3.26307;3.26352;3.26396;3.26441;3.26485;3.2653;3.26593;3.26612;3.26743;3.26879;3.27596;3.2842;3.30299;3.33677;2.93217;2.94263;2.95309;2.96355;2.97401;2.98447;2.99493;3.02455;3.05382;3.07377;3.08453;3.09529;3.09916;3.10271;3.10625;3.1098;3.11335;3.11689;3.12044;3.13089;3.13795;3.14459;3.14961;3.15451;3.15932;3.16324;3.16716;3.17063;3.17297;3.17544;3.17798;3.18052;3.18295;3.18533;3.18771;3.19009;3.19215;3.19403;3.1959;3.19777;3.1998;3.20198;3.20371;3.20501;3.20619;3.20738;3.20856;3.20974;3.21092;3.2121;3.21329;3.21447;3.21565;3.21672;3.21787;3.21904;3.22021;3.22139;3.22256;3.22374;3.22492;3.2261;3.22728;3.22847;3.22965;3.23083;3.23201;3.23319;3.23437;3.23552;3.23652;3.23778;3.23909;3.24045;3.24217;3.2439;3.24563;3.24736;3.24909;3.25082;3.25255;3.25428;3.256;3.25774;3.25951;3.26116;3.26238;3.26307;3.26352;3.26396;3.26441;3.26485;3.2653;3.26593;3.26612;3.26743;3.26879;3.27596;3.2842;3.30299;3.33677];

% Open-circuit voltage, V0(SOC,T), (V), (Simplified) | (7x3)
V0_mat  = [2.9322, 3.1640, 3.2138;
    3.2449, 3.0131, 3.1632;
    3.2135, 3.2446, 3.0940;
    3.1625, 3.2133, 3.2442;
    3.1749, 3.1617, 3.2131;
    3.2439, 3.2559, 3.1609;
    3.2128, 3.2436, 3.3368];

% Terminal voltage operating range [Min Max] (Datasheet Derived) | (1x2)
V_range = [1.8, 4];

% Terminal resistance, R0(SOC,T), (Ohm), (Datasheet Derived) | (501x1)
